a =[0:0.1:10]
b = a*2
who

